+------+------------+------------+------------+------------+---------------+
| Year | CC_Revenue | DC_Revenue | BC_Revenue | NC_Revenue | Total_Revenue |
+------+------------+------------+------------+------------+---------------+
| 2015 |   10028.08 |   11205.28 |    9486.91 |    7747.67 |      38467.94 |
| 2016 |    8637.34 |    6978.11 |    8570.51 |   10670.86 |      34856.82 |
| 2017 |    8684.13 |   13748.63 |    8865.05 |   11190.47 |      42488.28 |
| 2018 |    8053.05 |    4858.20 |    7289.75 |    8740.85 |      28941.85 |
| 2019 |    7695.65 |    8478.16 |    7785.71 |    7895.70 |      31855.22 |
| 2020 |    9550.44 |    7576.55 |    9767.05 |    6765.85 |      33659.89 |
| 2021 |    9927.69 |    8125.46 |    7589.81 |    9376.83 |      35019.79 |
| 2022 |    8788.00 |    4303.12 |    7031.28 |    7584.41 |      27706.81 |
+------+------------+------------+------------+------------+---------------+