+---------------+------------------------+
| festival_year | avg_experience_value/5 |
+---------------+------------------------+
|          2021 |                 2.4333 |
|          2015 |                 3.0370 |
|          2016 |                 3.1154 |
|          2017 |                 3.2609 |
|          2020 |                 3.2800 |
|          2019 |                 3.3077 |
|          2022 |                 3.3750 |
|          2018 |                 3.4762 |
+---------------+------------------------+