+---------------+-----------------+----------------+------------------+----------------+
| festival_date | security_needed | support_needed | technical_needed | overall_needed |
+---------------+-----------------+----------------+------------------+----------------+
| 2015-03-21    |              59 |             30 |               21 |             88 |
| 2015-03-22    |              14 |             10 |                6 |             29 |
| 2016-05-10    |              65 |             35 |               26 |            102 |
| 2017-08-04    |              57 |             32 |               23 |             90 |
| 2018-10-08    |              48 |             26 |               21 |             82 |
| 2019-08-22    |              41 |             24 |               20 |             71 |
| 2019-08-23    |              22 |             10 |                6 |             37 |
| 2020-06-02    |              64 |             35 |               25 |             97 |
| 2021-07-12    |              69 |             35 |               29 |             93 |
| 2021-07-13    |               8 |              6 |                1 |             15 |
| 2022-11-13    |              11 |              6 |                4 |             21 |
| 2022-11-14    |               8 |              5 |                4 |             17 |
+---------------+-----------------+----------------+------------------+----------------+